  0.2556    0.7444    3.0000
    0.5092    0.4908    1.0000
    0.5160    0.4840    1.0000
    0.7576    0.2424    1.0000
    0.5087    0.4913    1.0000
    0.2281    0.7719    3.0000
    0.2665    0.7335    3.0000
         0    1.0000    3.0000
    0.4853    0.5147    3.0000
    0.2423    0.7577    3.0000
         0    1.0000    3.0000
    0.7517    0.2483    1.0000
    0.7539    0.2461    1.0000
    0.4854    0.5146    3.0000
    0.7569    0.2431    1.0000
    0.2228    0.7772    3.0000
    0.7464    0.2536    1.0000
    0.2480    0.7520    3.0000
    0.4963    0.5037    3.0000
    1.0000         0    1.0000
    1.0000         0    1.0000
    0.7489    0.2511    1.0000
    0.4917    0.5083    3.0000
    1.0000         0    1.0000
    0.7702    0.2298    1.0000
    0.7645    0.2355    1.0000
    0.5173    0.4827    1.0000
    0.5356    0.4644    1.0000
    0.4932    0.5068    3.0000
    0.7465    0.2535    1.0000
    0.2422    0.7578    3.0000
    0.7407    0.2593    1.0000
    1.0000         0    1.0000
    0.4908    0.5092    3.0000
    0.2540    0.7460    3.0000
         0    1.0000    3.0000
    0.7498    0.2502    1.0000
    1.0000         0    1.0000
    1.0000         0    1.0000
    0.2498    0.7502    3.0000
         0    1.0000    3.0000
    0.7570    0.2430    1.0000
    0.7682    0.2318    1.0000
    0.7576    0.2424    1.0000
         0    1.0000    3.0000
    0.7477    0.2523    1.0000
         0    1.0000    3.0000
    0.5010    0.4990    1.0000
    0.7496    0.2504    1.0000
    0.2638    0.7362    3.0000
    0.4985    0.5015    3.0000
    0.7571    0.2429    1.0000
    1.0000         0    1.0000
    0.7580    0.2420    1.0000
    0.5138    0.4862    1.0000
    0.5260    0.4740    1.0000
    0.5172    0.4828    1.0000
         0    1.0000    3.0000
    0.5083    0.4917    1.0000
    0.4673    0.5327    3.0000
    1.0000         0    1.0000
    0.5095    0.4905    1.0000
    0.2604    0.7396    3.0000
    0.7774    0.2226    1.0000
    0.5155    0.4845    1.0000
    0.7628    0.2372    1.0000
    1.0000         0    1.0000
         0    1.0000    3.0000
    0.5240    0.4760    1.0000
    0.4936    0.5064    3.0000
    0.5096    0.4904    1.0000
    0.5032    0.4968    1.0000
    0.7479    0.2521    1.0000
    0.5181    0.4819    1.0000
    0.5234    0.4766    1.0000
    0.4952    0.5048    3.0000
    0.2615    0.7385    3.0000
    0.2466    0.7534    3.0000
    1.0000         0    1.0000
    0.7508    0.2492    1.0000
         0    1.0000    3.0000
    1.0000         0    1.0000
    0.7931    0.2069    1.0000
    0.7504    0.2496    1.0000
    0.2740    0.7260    3.0000
    0.7631    0.2369    1.0000
    0.7512    0.2488    1.0000
    0.2457    0.7543    3.0000
    0.7347    0.2653    1.0000
    0.2434    0.7566    3.0000
    1.0000         0    1.0000
    0.4975    0.5025    3.0000
         0    1.0000    3.0000
    0.7488    0.2512    1.0000
    0.7514    0.2486    1.0000
    0.7726    0.2274    1.0000
         0    1.0000    3.0000
    0.2556    0.7444    3.0000
    0.7594    0.2406    1.0000
    0.2556    0.7444    3.0000
    0.4941    0.5059    3.0000
    0.2485    0.7515    3.0000
         0    1.0000    3.0000
    0.2621    0.7379    3.0000
    0.5175    0.4825    1.0000
         0    1.0000    3.0000
    0.5097    0.4903    1.0000
         0    1.0000    3.0000
    0.2535    0.7465    3.0000
         0    1.0000    3.0000
    0.2263    0.7737    3.0000
    0.7420    0.2580    1.0000
    0.2473    0.7527    3.0000
    0.7563    0.2437    1.0000
    0.2422    0.7578    3.0000
    1.0000         0    1.0000
    0.5138    0.4862    1.0000
    0.7555    0.2445    1.0000
    1.0000         0    1.0000
    0.7622    0.2378    1.0000
    0.5023    0.4977    1.0000
    0.2441    0.7559    3.0000
    0.2567    0.7433    3.0000
    1.0000         0    1.0000
         0    1.0000    3.0000
    0.5030    0.4970    1.0000
    0.2471    0.7529    3.0000
    0.7458    0.2542    1.0000
         0    1.0000    3.0000
    1.0000         0    1.0000
    0.4971    0.5029    3.0000
    1.0000         0    1.0000
    0.5030    0.4970    1.0000
    0.2755    0.7245    3.0000
    0.2637    0.7363    3.0000
    0.5136    0.4864    1.0000
    1.0000         0    1.0000
    0.2552    0.7448    3.0000
    0.7504    0.2496    1.0000
    1.0000         0    1.0000
    0.7564    0.2436    1.0000
    1.0000         0    1.0000