    0.2329    0.7671    2.0000
         0    1.0000    2.0000
    0.2486    0.7514    2.0000
         0    1.0000    2.0000
         0    1.0000    2.0000
    0.4894    0.5106    2.0000
         0    1.0000    2.0000
    0.2319    0.7681    2.0000
    0.4819    0.5181    2.0000
    0.7210    0.2790    1.0000
         0    1.0000    2.0000
         0    1.0000    2.0000
         0    1.0000    2.0000
    0.2502    0.7498    2.0000
         0    1.0000    2.0000
    0.7573    0.2427    1.0000
    0.5033    0.4967    1.0000
    0.2530    0.7470    2.0000
         0    1.0000    2.0000
    0.2668    0.7332    2.0000
    0.2433    0.7567    2.0000
    0.2504    0.7496    2.0000
    0.2378    0.7622    2.0000
         0    1.0000    2.0000
    0.2440    0.7560    2.0000
    0.4960    0.5040    2.0000
         0    1.0000    2.0000
         0    1.0000    2.0000
    0.2534    0.7466    2.0000
    0.2424    0.7576    2.0000
    0.2433    0.7567    2.0000
    0.5245    0.4755    1.0000
    0.2648    0.7352    2.0000
    0.5037    0.4963    1.0000
    0.5208    0.4792    1.0000
         0    1.0000    2.0000
    0.5018    0.4982    1.0000
    0.2439    0.7561    2.0000
    0.2349    0.7651    2.0000
    0.2391    0.7609    2.0000
    0.7494    0.2506    1.0000
         0    1.0000    2.0000
    0.7406    0.2594    1.0000
         0    1.0000    2.0000
         0    1.0000    2.0000
         0    1.0000    2.0000
    0.4896    0.5104    2.0000
         0    1.0000    2.0000
         0    1.0000    2.0000
    1.0000         0    1.0000
    0.5025    0.4975    1.0000
         0    1.0000    2.0000
         0    1.0000    2.0000
    0.5033    0.4967    1.0000
         0    1.0000    2.0000
         0    1.0000    2.0000
         0    1.0000    2.0000
         0    1.0000    2.0000
         0    1.0000    2.0000
    0.2477    0.7523    2.0000
    0.2469    0.7531    2.0000
         0    1.0000    2.0000
    0.2321    0.7679    2.0000
         0    1.0000    2.0000
    1.0000         0    1.0000
    0.2507    0.7493    2.0000
    0.2682    0.7318    2.0000
    0.2510    0.7490    2.0000
         0    1.0000    2.0000
         0    1.0000    2.0000
         0    1.0000    2.0000
    0.4970    0.5030    2.0000
    1.0000         0    1.0000
         0    1.0000    2.0000
    0.2513    0.7487    2.0000
    0.2527    0.7473    2.0000
         0    1.0000    2.0000
         0    1.0000    2.0000
    0.7192    0.2808    1.0000
         0    1.0000    2.0000
    0.2409    0.7591    2.0000
    0.2290    0.7710    2.0000
    0.4841    0.5159    2.0000
    0.4904    0.5096    2.0000
         0    1.0000    2.0000
    0.7597    0.2403    1.0000
    0.4966    0.5034    2.0000
         0    1.0000    2.0000
         0    1.0000    2.0000
         0    1.0000    2.0000
    0.2447    0.7553    2.0000
         0    1.0000    2.0000
    0.7621    0.2379    1.0000
         0    1.0000    2.0000
         0    1.0000    2.0000
    0.4884    0.5116    2.0000
    0.4921    0.5079    2.0000
    0.5069    0.4931    1.0000
         0    1.0000    2.0000
         0    1.0000    2.0000
    0.5003    0.4997    1.0000
    1.0000         0    1.0000
    0.5097    0.4903    1.0000
    0.4975    0.5025    2.0000
         0    1.0000    2.0000
         0    1.0000    2.0000
    0.5056    0.4944    1.0000
    0.2163    0.7837    2.0000
    0.2468    0.7532    2.0000
    0.4789    0.5211    2.0000
         0    1.0000    2.0000
    0.2476    0.7524    2.0000
    0.5003    0.4997    1.0000
         0    1.0000    2.0000
         0    1.0000    2.0000
    0.4870    0.5130    2.0000
    0.2361    0.7639    2.0000
         0    1.0000    2.0000
    0.2318    0.7682    2.0000
         0    1.0000    2.0000
    0.2515    0.7485    2.0000
    0.5103    0.4897    1.0000
         0    1.0000    2.0000
         0    1.0000    2.0000
         0    1.0000    2.0000
    0.2458    0.7542    2.0000
         0    1.0000    2.0000
    0.5161    0.4839    1.0000
         0    1.0000    2.0000
         0    1.0000    2.0000
    0.7362    0.2638    1.0000
    0.2433    0.7567    2.0000
         0    1.0000    2.0000
    0.2441    0.7559    2.0000
    0.2377    0.7623    2.0000
         0    1.0000    2.0000
    0.5150    0.4850    1.0000
    0.7441    0.2559    1.0000
         0    1.0000    2.0000
         0    1.0000    2.0000
    0.2377    0.7623    2.0000
         0    1.0000    2.0000
         0    1.0000    2.0000
         0    1.0000    2.0000
         0    1.0000    2.0000
    0.5042    0.4958    1.0000
         0    1.0000    2.0000
         0    1.0000    2.0000
    0.4657    0.5343    2.0000
    1.0000         0    1.0000
         0    1.0000    2.0000
    0.2487    0.7513    2.0000
         0    1.0000    2.0000
    0.2719    0.7281    2.0000
    0.7473    0.2527    1.0000
    0.7793    0.2207    1.0000
         0    1.0000    2.0000
         0    1.0000    2.0000
    0.4919    0.5081    2.0000
    1.0000         0    1.0000
    0.2392    0.7608    2.0000
         0    1.0000    2.0000
         0    1.0000    2.0000
         0    1.0000    2.0000
    0.7288    0.2712    1.0000
    0.2427    0.7573    2.0000
    0.4932    0.5068    2.0000
         0    1.0000    2.0000
         0    1.0000    2.0000
    0.4932    0.5068    2.0000
         0    1.0000    2.0000
         0    1.0000    2.0000
         0    1.0000    2.0000
    0.7537    0.2463    1.0000
    0.2552    0.7448    2.0000
    0.7484    0.2516    1.0000
         0    1.0000    2.0000
         0    1.0000    2.0000
    0.4989    0.5011    2.0000
    0.2382    0.7618    2.0000
    0.5128    0.4872    1.0000
    0.7440    0.2560    1.0000
    0.7622    0.2378    1.0000
    0.2390    0.7610    2.0000
    0.5018    0.4982    1.0000
         0    1.0000    2.0000
    0.2501    0.7499    2.0000
    1.0000         0    1.0000
    0.7565    0.2435    1.0000
    0.2474    0.7526    2.0000
    0.4869    0.5131    2.0000
    0.2330    0.7670    2.0000
    1.0000         0    1.0000
         0    1.0000    2.0000
    0.2419    0.7581    2.0000
    0.2696    0.7304    2.0000
         0    1.0000    2.0000
    0.2352    0.7648    2.0000
         0    1.0000    2.0000
         0    1.0000    2.0000
    0.2426    0.7574    2.0000
    0.4951    0.5049    2.0000
         0    1.0000    2.0000
    0.2337    0.7663    2.0000
    0.2494    0.7506    2.0000
    0.2499    0.7501    2.0000
    0.7654    0.2346    1.0000
         0    1.0000    2.0000
    0.2368    0.7632    2.0000
    0.2464    0.7536    2.0000
         0    1.0000    2.0000
    0.5013    0.4987    1.0000
         0    1.0000    2.0000
         0    1.0000    2.0000
         0    1.0000    2.0000
         0    1.0000    2.0000
    1.0000         0    1.0000
    1.0000         0    1.0000
         0    1.0000    2.0000
    0.2621    0.7379    2.0000
    0.2522    0.7478    2.0000
    0.7527    0.2473    1.0000
    0.2470    0.7530    2.0000
    0.2360    0.7640    2.0000
    0.7577    0.2423    1.0000
    0.2617    0.7383    2.0000
    0.2421    0.7579    2.0000
    0.7743    0.2257    1.0000
         0    1.0000    2.0000
         0    1.0000    2.0000
    0.2343    0.7657    2.0000
    0.7500    0.2500    1.0000
         0    1.0000    2.0000
    0.2350    0.7650    2.0000
         0    1.0000    2.0000
    0.5239    0.4761    1.0000
    0.2632    0.7368    2.0000
    0.2316    0.7684    2.0000
    0.4989    0.5011    2.0000
         0    1.0000    2.0000
         0    1.0000    2.0000
    0.2218    0.7782    2.0000
    0.4934    0.5066    2.0000
    0.7512    0.2488    1.0000
    0.7443    0.2557    1.0000
    0.2381    0.7619    2.0000
         0    1.0000    2.0000
         0    1.0000    2.0000
    0.4834    0.5166    2.0000
    0.2438    0.7562    2.0000
    0.5249    0.4751    1.0000
    0.2536    0.7464    2.0000
    0.7542    0.2458    1.0000
         0    1.0000    2.0000
    0.2477    0.7523    2.0000
         0    1.0000    2.0000
    0.2509    0.7491    2.0000
         0    1.0000    2.0000
    0.7364    0.2636    1.0000
         0    1.0000    2.0000
    0.4929    0.5071    2.0000
         0    1.0000    2.0000
    0.2561    0.7439    2.0000
    1.0000         0    1.0000
         0    1.0000    2.0000
         0    1.0000    2.0000
         0    1.0000    2.0000
    0.2433    0.7567    2.0000
    0.7602    0.2398    1.0000
    0.5106    0.4894    1.0000
    0.2405    0.7595    2.0000
         0    1.0000    2.0000
         0    1.0000    2.0000
    0.5495    0.4505    1.0000
    0.7440    0.2560    1.0000
    0.7556    0.2444    1.0000
    0.2442    0.7558    2.0000
    0.7491    0.2509    1.0000
    0.2379    0.7621    2.0000
    0.2639    0.7361    2.0000
    0.4960    0.5040    2.0000
    0.2363    0.7637    2.0000
    0.5059    0.4941    1.0000
    0.2369    0.7631    2.0000
         0    1.0000    2.0000
    0.5362    0.4638    1.0000
    0.2625    0.7375    2.0000
    0.2337    0.7663    2.0000
         0    1.0000    2.0000
    0.2378    0.7622    2.0000
         0    1.0000    2.0000
    0.4997    0.5003    2.0000
    0.4860    0.5140    2.0000
    0.4932    0.5068    2.0000
    0.2343    0.7657    2.0000
         0    1.0000    2.0000
         0    1.0000    2.0000
    0.2427    0.7573    2.0000
    0.2449    0.7551    2.0000
    0.4879    0.5121    2.0000
         0    1.0000    2.0000
    0.4957    0.5043    2.0000
    0.5041    0.4959    1.0000
    0.4759    0.5241    2.0000
         0    1.0000    2.0000
    0.5016    0.4984    1.0000
         0    1.0000    2.0000
    0.4996    0.5004    2.0000
    1.0000         0    1.0000
    1.0000         0    1.0000
         0    1.0000    2.0000
    0.2643    0.7357    2.0000
    1.0000         0    1.0000
         0    1.0000    2.0000
    0.7680    0.2320    1.0000
    0.2542    0.7458    2.0000
         0    1.0000    2.0000
         0    1.0000    2.0000
         0    1.0000    2.0000
    0.2360    0.7640    2.0000
         0    1.0000    2.0000
    0.2473    0.7527    2.0000
    0.5066    0.4934    1.0000
    0.4955    0.5045    2.0000
    0.5140    0.4860    1.0000
    0.7381    0.2619    1.0000
         0    1.0000    2.0000
         0    1.0000    2.0000
    0.7688    0.2312    1.0000
    0.2481    0.7519    2.0000
         0    1.0000    2.0000
    0.4904    0.5096    2.0000
    0.2251    0.7749    2.0000
    1.0000         0    1.0000
         0    1.0000    2.0000
         0    1.0000    2.0000
    0.2485    0.7515    2.0000
         0    1.0000    2.0000
    0.2444    0.7556    2.0000
         0    1.0000    2.0000
    0.5165    0.4835    1.0000
    0.5154    0.4846    1.0000
    0.4434    0.5566    2.0000
         0    1.0000    2.0000
    0.2592    0.7408    2.0000
    0.7304    0.2696    1.0000
    0.2409    0.7591    2.0000
         0    1.0000    2.0000
         0    1.0000    2.0000
    0.2394    0.7606    2.0000
    0.5230    0.4770    1.0000
    0.2383    0.7617    2.0000
    0.7239    0.2761    1.0000
    0.5100    0.4900    1.0000
    0.4939    0.5061    2.0000
    0.4990    0.5010    2.0000
         0    1.0000    2.0000
         0    1.0000    2.0000
    0.4945    0.5055    2.0000
    0.2491    0.7509    2.0000
         0    1.0000    2.0000
         0    1.0000    2.0000
    1.0000         0    1.0000
         0    1.0000    2.0000
    0.2881    0.7119    2.0000
    0.2436    0.7564    2.0000
         0    1.0000    2.0000
    0.2834    0.7166    2.0000
    0.2360    0.7640    2.0000
    0.2441    0.7559    2.0000
         0    1.0000    2.0000
    0.2462    0.7538    2.0000
         0    1.0000    2.0000
    0.2531    0.7469    2.0000
    0.5139    0.4861    1.0000
    0.2616    0.7384    2.0000
    0.7567    0.2433    1.0000
    0.7679    0.2321    1.0000
         0    1.0000    2.0000
    0.5018    0.4982    1.0000
    0.2419    0.7581    2.0000
    0.4944    0.5056    2.0000
         0    1.0000    2.0000
         0    1.0000    2.0000
         0    1.0000    2.0000
         0    1.0000    2.0000
    0.2380    0.7620    2.0000
    0.2365    0.7635    2.0000
         0    1.0000    2.0000
         0    1.0000    2.0000
         0    1.0000    2.0000
    1.0000         0    1.0000
         0    1.0000    2.0000
    1.0000         0    1.0000
         0    1.0000    2.0000
    0.2437    0.7563    2.0000
         0    1.0000    2.0000
         0    1.0000    2.0000
    0.4977    0.5023    2.0000
    0.4980    0.5020    2.0000
    0.4966    0.5034    2.0000
         0    1.0000    2.0000
         0    1.0000    2.0000
         0    1.0000    2.0000
         0    1.0000    2.0000
    0.2268    0.7732    2.0000
    1.0000         0    1.0000
    0.5017    0.4983    1.0000
    0.2430    0.7570    2.0000
    0.2403    0.7597    2.0000
    0.4897    0.5103    2.0000
    0.2446    0.7554    2.0000
         0    1.0000    2.0000
         0    1.0000    2.0000
         0    1.0000    2.0000
    0.4912    0.5088    2.0000
         0    1.0000    2.0000
    0.4834    0.5166    2.0000
         0    1.0000    2.0000
         0    1.0000    2.0000
    0.2554    0.7446    2.0000
    0.2415    0.7585    2.0000
    0.2335    0.7665    2.0000
    0.4991    0.5009    2.0000
         0    1.0000    2.0000
         0    1.0000    2.0000
         0    1.0000    2.0000
    0.7562    0.2438    1.0000
    0.2314    0.7686    2.0000
         0    1.0000    2.0000
    0.2661    0.7339    2.0000
    1.0000         0    1.0000
    0.2448    0.7552    2.0000
         0    1.0000    2.0000
    0.7738    0.2262    1.0000
    1.0000         0    1.0000
         0    1.0000    2.0000
    1.0000         0    1.0000
    0.2455    0.7545    2.0000
    0.7477    0.2523    1.0000
    0.2488    0.7512    2.0000
    0.2415    0.7585    2.0000
    0.2284    0.7716    2.0000
    0.5147    0.4853    1.0000
    0.2554    0.7446    2.0000
    0.4879    0.5121    2.0000
         0    1.0000    2.0000
         0    1.0000    2.0000
    0.5005    0.4995    1.0000
    0.2294    0.7706    2.0000
         0    1.0000    2.0000
    0.7383    0.2617    1.0000
    0.7503    0.2497    1.0000
    0.5012    0.4988    1.0000
         0    1.0000    2.0000
         0    1.0000    2.0000
         0    1.0000    2.0000
    0.7479    0.2521    1.0000
         0    1.0000    2.0000
    0.2364    0.7636    2.0000
    0.2730    0.7270    2.0000
         0    1.0000    2.0000
    0.2282    0.7718    2.0000
         0    1.0000    2.0000
    0.7344    0.2656    1.0000
         0    1.0000    2.0000
    0.4804    0.5196    2.0000
    0.5260    0.4740    1.0000
         0    1.0000    2.0000
         0    1.0000    2.0000
         0    1.0000    2.0000
    1.0000         0    1.0000
    0.2534    0.7466    2.0000
    0.4941    0.5059    2.0000
         0    1.0000    2.0000
    0.4986    0.5014    2.0000
    0.2384    0.7616    2.0000
         0    1.0000    2.0000
    0.2410    0.7590    2.0000
    0.2605    0.7395    2.0000
         0    1.0000    2.0000
         0    1.0000    2.0000
    0.7550    0.2450    1.0000
    0.4869    0.5131    2.0000
    1.0000         0    1.0000
         0    1.0000    2.0000
    0.2540    0.7460    2.0000
    0.2693    0.7307    2.0000
    0.4726    0.5274    2.0000
    1.0000         0    1.0000
    0.5020    0.4980    1.0000
         0    1.0000    2.0000
    0.2339    0.7661    2.0000
    0.4953    0.5047    2.0000
    0.4953    0.5047    2.0000
    0.7566    0.2434    1.0000
         0    1.0000    2.0000
    0.2409    0.7591    2.0000
         0    1.0000    2.0000
    0.4802    0.5198    2.0000
    0.2276    0.7724    2.0000
    0.7596    0.2404    1.0000
    1.0000         0    1.0000
         0    1.0000    2.0000
    0.2304    0.7696    2.0000
         0    1.0000    2.0000
    0.5067    0.4933    1.0000
    0.2557    0.7443    2.0000
         0    1.0000    2.0000
         0    1.0000    2.0000
    0.4993    0.5007    2.0000
    0.2476    0.7524    2.0000
    0.7219    0.2781    1.0000
    0.7382    0.2618    1.0000
         0    1.0000    2.0000
    0.2637    0.7363    2.0000
    0.7707    0.2293    1.0000
    0.4991    0.5009    2.0000
         0    1.0000    2.0000
    0.2558    0.7442    2.0000
         0    1.0000    2.0000
         0    1.0000    2.0000
    0.4943    0.5057    2.0000
         0    1.0000    2.0000
    0.2418    0.7582    2.0000
         0    1.0000    2.0000
         0    1.0000    2.0000
         0    1.0000    2.0000
    0.7492    0.2508    1.0000
    1.0000         0    1.0000
         0    1.0000    2.0000
    0.4766    0.5234    2.0000
    0.7551    0.2449    1.0000
         0    1.0000    2.0000
    0.7439    0.2561    1.0000
         0    1.0000    2.0000
         0    1.0000    2.0000
         0    1.0000    2.0000
         0    1.0000    2.0000
    0.2646    0.7354    2.0000
         0    1.0000    2.0000
    0.7262    0.2738    1.0000
    0.2537    0.7463    2.0000
    0.4755    0.5245    2.0000
    0.4867    0.5133    2.0000
    0.7728    0.2272    1.0000
         0    1.0000    2.0000
    0.4984    0.5016    2.0000
         0    1.0000    2.0000
    0.5001    0.4999    1.0000
    0.5104    0.4896    1.0000
    0.2401    0.7599    2.0000
    0.2426    0.7574    2.0000
         0    1.0000    2.0000
    0.2427    0.7573    2.0000
         0    1.0000    2.0000
    0.2419    0.7581    2.0000
    0.4964    0.5036    2.0000
    0.2417    0.7583    2.0000
         0    1.0000    2.0000
         0    1.0000    2.0000
    0.2341    0.7659    2.0000
    0.2384    0.7616    2.0000
    0.5300    0.4700    1.0000
         0    1.0000    2.0000
         0    1.0000    2.0000
         0    1.0000    2.0000
         0    1.0000    2.0000
         0    1.0000    2.0000
    0.2512    0.7488    2.0000
         0    1.0000    2.0000
         0    1.0000    2.0000
    1.0000         0    1.0000
    0.5250    0.4750    1.0000
    0.2384    0.7616    2.0000
    0.2488    0.7512    2.0000
         0    1.0000    2.0000
    0.4809    0.5191    2.0000
    0.2662    0.7338    2.0000
    0.2569    0.7431    2.0000
         0    1.0000    2.0000
    0.2386    0.7614    2.0000
    0.2799    0.7201    2.0000
         0    1.0000    2.0000
    0.2386    0.7614    2.0000
         0    1.0000    2.0000
    0.5009    0.4991    1.0000
         0    1.0000    2.0000
    0.4805    0.5195    2.0000
    0.2500    0.7500    2.0000
    0.2343    0.7657    2.0000
    0.7585    0.2415    1.0000
    0.4998    0.5002    2.0000
         0    1.0000    2.0000
    0.5023    0.4977    1.0000
         0    1.0000    2.0000
    0.2348    0.7652    2.0000
         0    1.0000    2.0000
         0    1.0000    2.0000
         0    1.0000    2.0000
    1.0000         0    1.0000
         0    1.0000    2.0000
    0.5282    0.4718    1.0000
    0.4955    0.5045    2.0000
    0.2539    0.7461    2.0000
    0.5061    0.4939    1.0000
         0    1.0000    2.0000
         0    1.0000    2.0000
         0    1.0000    2.0000
    0.7634    0.2366    1.0000
    0.2545    0.7455    2.0000
    0.2537    0.7463    2.0000
    0.2407    0.7593    2.0000
    0.4704    0.5296    2.0000
    0.2415    0.7585    2.0000
         0    1.0000    2.0000
         0    1.0000    2.0000
         0    1.0000    2.0000
         0    1.0000    2.0000
    0.2279    0.7721    2.0000
    0.2404    0.7596    2.0000
    0.4936    0.5064    2.0000
    0.2519    0.7481    2.0000
    0.7502    0.2498    1.0000
    0.2346    0.7654    2.0000
    0.7455    0.2545    1.0000
         0    1.0000    2.0000
    0.4875    0.5125    2.0000
         0    1.0000    2.0000
    0.7509    0.2491    1.0000
    1.0000         0    1.0000
    0.4995    0.5005    2.0000
    0.2406    0.7594    2.0000
         0    1.0000    2.0000
    0.5024    0.4976    1.0000
    0.4977    0.5023    2.0000
         0    1.0000    2.0000
    0.7611    0.2389    1.0000