1429
14872
15950
16936
11894
16468
3502
3444
14405
15891
10391
10660
14598
16477
17789
5813
2801
1725
10548
3845
172
3406
15500
13028
8600
7175
6414
4361
5551
15491
15170
9784
11254
3370
943
6670
4899
11848
8872
18562
18277
17085
15710
4726
9878
17777
18541
1543
612
13888
14550
1737
10765
18118
4561
3220
1166
10260
224
4546
9388
17091
9634
13740
3739
9508
4276
11252
2154
10438
8268
12147
5391
1013
1340
17600
12833
16785
10517
14614
16998
1653
16726
18407
5041
14849
14509
6586
16869
12099
3372
11389
10080
17015
10584
11073
8076
13581
16311
12645
18133
12847
4299
17434
18087
13962
15986
6667
990
791
7665
706
12780
6240
14279
15708
7322
1170
16262
821
1826
14120
1075
14818
14922
12151
15881
15898
146
15581
248
13758
174
6164
2254
43
1182
14404
14461
3627
122
5326
18401
7751
8457
15682
11452
13442
17109
13487
11255
14187
1360
12522
4485
11890
6146
3312
13678
12345
9141
14553
10046
2998
15601
17844
7068
2509
7072
8132
16237
4655
16255
17765
15191
11722
18378
15573
16283
14316
11365
12029
905
16617
9637
2459
11620
11058
14255
10534
4382
14082
6749
2691
9541
17069
5400
14016
13979
173
15255
13605
1288
13429
12994
17018
12461
2600
6917
14500
1232
9890
17341
7434
12852
6549
771
8388
9139
15364
11117
15339
14801
940
434
9060
5316
2813
17286
17784
6124
12543
6965
827
59
10798
15953
9805
12204
12388
16753
6928
13956
6434
3083
120
16911
17089
11261
3014
7983
5895
6315
16940
11407
10877
15502
3501
6825
3270
13833
16097
13610
6886
11017
12890
17271
4339
18182
11524
2686
9953
15018
11066
16891
13180
16403
5207
10049
9483
8122
3474
14902
242
11076
14463
14529
9091
16125
6525
8474
11512
5784
6572
353
2059
3737
12042
8734
4983
8082
15801
15845
5939
7344
5451
15376
13503
15309
2507
17080
4493
18233
11417
2210
4581
10472
1719
16670
7340
14820
2136
16830
11410
17582
14428
14806
17220
2412
9306
17950
1875
2157
17576
13471
1533
15687
3418
1161
4197
4074
13745
3928
958
14383
13869
2660
16881
16722
15872
5129
2422
16804
11598
9367
16906
7254
13143
6701
16121
10152
7056
4144
16636
9426
18488
3021
2168
9017
13892
547
2190
