  1.0000000e+000
  2.0000000e+000
  3.0000000e+000
  1.3000000e+001
  1.7000000e+001
  2.2000000e+001
  3.6000000e+001
  3.7000000e+001
  4.2000000e+001
  4.3000000e+001
  4.8000000e+001
  5.0000000e+001
  5.2000000e+001
  5.3000000e+001
  5.9000000e+001
  6.0000000e+001
  6.4000000e+001
  6.7000000e+001
  6.9000000e+001
  7.8000000e+001
  8.2000000e+001
  8.6000000e+001
  9.6000000e+001
  9.8000000e+001
  1.0400000e+002
  1.0500000e+002
  1.0700000e+002
  1.0900000e+002
  1.1500000e+002
  1.1900000e+002
  1.2100000e+002
  1.2500000e+002
  1.3000000e+002
  1.3200000e+002
  1.3900000e+002
  1.4500000e+002
  1.5100000e+002
  1.6000000e+002
  1.6100000e+002
  1.6200000e+002
  1.6700000e+002
  1.7100000e+002
  1.7300000e+002
  1.7400000e+002
  1.7600000e+002
  1.8200000e+002
  1.8300000e+002
  1.9400000e+002
  1.9500000e+002
  1.9700000e+002
  2.0100000e+002
  2.0400000e+002
  2.0500000e+002
  2.0700000e+002
  2.0900000e+002
  2.1200000e+002
  2.1400000e+002
  6.0000000e+000
  8.0000000e+000
  1.2000000e+001
  1.4000000e+001
  1.8000000e+001
  2.3000000e+001
  2.5000000e+001
  2.7000000e+001
  2.9000000e+001
  3.5000000e+001
  3.8000000e+001
  4.1000000e+001
  4.4000000e+001
  4.9000000e+001
  5.4000000e+001
  5.8000000e+001
  6.2000000e+001
  7.3000000e+001
  7.7000000e+001
  9.1000000e+001
  9.2000000e+001
  9.4000000e+001
  9.7000000e+001
  1.0000000e+002
  1.0200000e+002
  1.0800000e+002
  1.1000000e+002
  1.1200000e+002
  1.1400000e+002
  1.1700000e+002
  1.2300000e+002
  1.2700000e+002
  1.2800000e+002
  1.3100000e+002
  1.3800000e+002
  1.4000000e+002
  1.4600000e+002
  1.4700000e+002
  1.4900000e+002
  1.5300000e+002
  1.5500000e+002
  1.5800000e+002
  1.6300000e+002
  1.6400000e+002
  1.6600000e+002
  1.7000000e+002
  1.7200000e+002
  1.7500000e+002
  1.7800000e+002
  1.8600000e+002
  1.8700000e+002
  1.8800000e+002
  1.9300000e+002
  2.0000000e+002
  2.0800000e+002
  2.1600000e+002
  2.2000000e+002
  2.2100000e+002
